Results of update to all weights
after single training example:

w00_2 = 0.50252685
w01_2 = 0.20242202
w02_2 = 1.10197282

w10_1 = 0.8000201
w11_1 = 0.60005024
w21_1 = 0.30118953
w12_1 = 0.70002412
w22_1 = 0.10057097